time,x,y,z,phi,theta,psi,x_velocity,y_velocity,z_velocity,phi_velocity,theta_velocity,psi_velocity,rotor_speed1,rotor_speed2,rotor_speed3,rotor_speed4
0.06,-5.01277439781e-08,2.920898823e-07,10.0009586614,0.000301389360637,6.58480740361e-05,0.0,-4.77644924198e-06,2.49947567991e-05,0.0319546697499,0.0135417399262,0.00320687127621,0.0,415.45152263266976,415.73253050567564,413.3101361021711,414.5016203762033
0.12000000000000001,-2.84164114123e-06,1.06425970307e-05,10.0049890659,0.000853114061431,0.000698445048979,0.0,-0.000131484963537,0.000388420420005,0.102387771572,-0.00134389090067,0.0222076018304,0.0,427.26287399376344,428.879357000604,427.4012216290266,426.13078992066363
0.18,-3.55238478136e-05,5.45422094983e-05,10.0181417988,0.000659928981276,0.00289310654981,0.0,-0.00118419392613,0.00105854651046,0.335996296569,-0.00726378248018,0.0558702462641,0.0,475.3957155671448,477.96811767293684,478.4236477758851,477.97284325588157
0.23999999999999996,-0.000191528466881,0.000131975239922,10.0448498735,6.28314714938,0.00607075604061,0.0,-0.00440677055487,0.00145698625452,0.554190588535,-0.0222476035673,0.0463963913443,0.0,473.7572067496589,473.02996523469193,473.3213025432205,472.1670433574289
0.3,-0.000578461750606,0.000214185965252,10.0790568155,6.28193768533,0.00856169294067,0.0,-0.00873554154966,0.00116672074078,0.586022997374,-0.0162755744458,0.0293300142388,0.0,416.01562286774003,414.5198224530053,414.55502905026697,415.0793670643376
0.36000000000000004,-0.00130623563265,0.000251370494992,10.1194760096,6.28067166005,0.0102845445825,0.0,-0.0157197377883,-5.12698913115e-05,0.761180772125,-0.0331108851315,0.0274534084988,0.0,460.5111713148851,460.36293027287513,461.26863386514026,459.9373923234922
0.4200000000000001,-0.00248203351107,0.000184907163174,10.169453297,6.2784627161,0.0119417510405,0.0,-0.0236516126166,-0.00238995730058,0.90462313301,-0.0455032002754,0.027951388741,0.0,451.1383936627164,451.1787741859307,451.5374208282594,450.5360840799278
0.48000000000000015,-0.00420863177796,-8.88520018994e-05,10.2311683605,6.27516040423,0.0136162031356,0.0,-0.0341066111943,-0.00708498357495,1.1523244844,-0.0925046299323,0.0278196962642,0.0,482.1522846043128,482.1424716150711,484.337807107512,480.7877951478371
0.5400000000000001,-0.00658567596468,-0.000728696645952,10.3063696198,6.26958213513,0.0155349687048,0.0,-0.0453365063544,-0.0148925559881,1.35415732717,-0.0939202022429,0.039215307971,0.0,468.7976692406026,469.6825124297402,469.7243430677786,469.60777046136593
0.6000000000000002,-0.00963113909232,-0.00191944792471,10.3903105067,6.26461134937,0.0180860677271,0.0,-0.0564243012993,-0.0253240557255,1.44375052837,-0.0668276415101,0.0484169907912,0.0,435.93319411390604,436.70235507790005,433.49234186872116,435.7566544367619
0.6600000000000003,-0.0135100747505,-0.0039506597901,10.4857698695,6.26020791007,0.0208661933934,0.0,-0.0732382705846,-0.0429182297558,1.73781014485,-0.0916360948298,0.0418098939675,0.0,497.0735127977214,496.5901580274242,497.56019224201236,495.7369671870038
0.7200000000000003,-0.0182852686781,-0.00695417228458,10.5902302676,6.25467639102,0.0231692233895,0.0,-0.0861478235642,-0.0576845508564,1.74417554907,-0.0933267541413,0.0304601434061,0.0,409.4696151724614,408.45959469281877,409.7016285865324,409.54333631076963
0.7800000000000004,-0.0239227717421,-0.0110039465304,10.6971402516,6.24898814826,0.0250466624384,0.0,-0.101948635131,-0.0778590518966,1.8193508181,-0.0979331331395,0.0329016832305,0.0,431.4045633231161,431.61103167593444,432.9408713274244,432.54523384116135
0.8400000000000004,-0.0306465397706,-0.0165177068891,10.8125016946,6.24308063312,0.0268943565399,0.0,-0.122393982453,-0.106614138743,2.02565454191,-0.0995299073534,0.0262088434354,0.0,472.55340382612945,472.0374985409731,473.34734860673495,473.2167805577384
0.9000000000000005,-0.0384612318805,-0.0236281064308,10.933686433,6.23705779393,0.0283199505083,0.0,-0.138225263967,-0.130912336999,2.0138294903,-0.102137397271,0.0183476770599,0.0,404.19605391759626,403.487126717354,404.91522017019486,404.67080045360046
0.9600000000000005,-0.0473606932588,-0.0324851739981,11.058065351,6.23151608825,0.0292661236279,0.0,-0.158525588928,-0.164918581678,2.13188477152,-0.077770486996,0.0100381558501,0.0,446.79578743970336,446.1177495021006,446.30785049788756,448.2846519103437
1.0200000000000005,-0.0574960403184,-0.043494600868,11.1895082568,6.22660677996,0.0297509258224,0.0,-0.179370461742,-0.202549617663,2.24928761845,-0.0914862647006,0.0038439750796,0.0,447.60967758430706,447.10521602887536,447.6133477903407,446.49032759450756
1.0800000000000005,-0.068743115134,-0.0565832941315,11.3230306417,6.22080375623,0.0300044177725,0.0,-0.195554901469,-0.234196060833,2.20151963791,-0.110036545897,0.00497600409496,0.0,392.70318663836946,392.8080998420798,393.97114282079417,392.242669712695
1.1400000000000006,-0.0811174207683,-0.0719887565021,11.4587119122,6.21418719521,0.0304142508648,0.0,-0.216952977116,-0.279997664758,2.32089956476,-0.110758879017,0.0103032661366,0.0,448.2985851434913,448.731122407187,448.08067627433627,448.01130668653724
1.2000000000000006,-0.0946932026961,-0.0900703441802,11.5985241754,6.20701964415,0.0310804416817,0.0,-0.235630575787,-0.323329897289,2.33941638604,-0.149056474487,0.0126568319535,0.0,416.8363171776024,417.0418214996538,417.4193189179075,414.0486254403071
1.2600000000000007,-0.109431081369,-0.110961302647,11.7403464442,6.19839512526,0.0319873490063,0.0,-0.2557088409,-0.373855078049,2.38781135526,-0.134814619393,0.0196266770429,0.0,426.20964837031016,426.80481823236556,425.8574713187158,427.0535122037809
1.3200000000000007,-0.125344564389,-0.134917779777,11.8835732461,6.19001668915,0.0330999835727,0.0,-0.274841478524,-0.425409230542,2.38633789445,-0.151638073429,0.016285518906,0.0,410.3800441401003,410.08334399154245,410.96401626949427,409.44994032597697
1.3800000000000008,-0.142560292223,-0.16250291928,12.0307361299,6.18052901754,0.0338989880955,0.0,-0.299103412243,-0.495055726741,2.5186881792,-0.176053286326,0.00659712338601,0.0,455.0079051376555,454.2315226364833,453.93531615334837,451.94806497719367
1.4400000000000008,-0.16131898154,-0.1946985663,12.1879136651,6.16973677908,0.0344892184615,0.0,-0.326229938301,-0.579331315509,2.71993922815,-0.18885900026,0.015636433002,0.0,475.4604875521926,476.1523763858745,475.574554633595,474.56353702973587
1.5000000000000009,-0.181675755869,-0.232049065579,12.3557459177,6.15811404156,0.0368098793062,0.0,-0.35251873685,-0.666899683627,2.87389988976,-0.205788872813,0.0646965282184,0.0,460.94244639952666,464.803813159479,463.0039713515556,461.63471431199434
1.560000000000001,-0.203636905065,-0.27479838499,12.5318536932,6.14587133287,0.0407909037279,0.0,-0.379924222108,-0.759327512023,2.99581442669,-0.200773113354,0.0694669439288,0.0,453.92801961190725,454.3138400448617,453.69910663588615,454.06170640737355
1.620000000000001,-0.22737826993,-0.323517781989,12.7164072199,6.13405937731,0.0448320530822,0.0,-0.411894814906,-0.865907322218,3.15527255348,-0.190025977918,0.0627498393014,0.0,466.35989485828946,465.8380876416015,466.81232881507754,467.6143052613147
1.680000000000001,-0.253166056693,-0.379019451829,12.9112986858,6.12250164412,0.0489265324824,0.0,-0.448129236919,-0.98537558553,3.34028387964,-0.198411625095,0.0774247379531,0.0,474.7992621250015,475.92693248934785,476.4960689038707,475.8210075206591
1.740000000000001,-0.281180456616,-0.441805655151,13.1163048517,6.11111303095,0.0535802106821,0.0,-0.486174871338,-1.10868673696,3.49247079647,-0.176596609238,0.0778328843478,0.0,468.20201310392275,468.23821255352686,466.20956336892266,467.87739394255146
1.8000000000000012,-0.311409880954,-0.511690038738,13.3272656185,6.10071226486,0.0583485099361,0.0,-0.52191233485,-1.2217468858,3.53911673875,-0.167537743723,0.0825609610218,0.0,435.02204290270214,435.4229942223901,436.6781934761778,437.4037492319582
1.8600000000000012,-0.343889788881,-0.588594669081,13.5411888807,6.09044271059,0.063550206182,0.0,-0.561228163657,-1.34266418203,3.59117621333,-0.179603930615,0.0938884944164,0.0,437.6700710908176,438.61816613425515,440.1066604902674,439.0781166701074
1.9200000000000013,-0.379154546294,-0.673909227253,13.7630214687,6.0796019064,0.0706977670543,0.0,-0.615008858871,-1.50227659443,3.80209690738,-0.182920677646,0.146501733779,0.0,486.94260305915395,490.87277339483006,488.8347354048927,488.5591695469812
1.9800000000000013,-0.417208310499,-0.767301931539,13.9889996808,6.0687386662,0.0800460804326,0.0,-0.654172765607,-1.61168511662,3.73039338161,-0.177565132188,0.169849477882,0.0,399.9585375110366,402.10486004282376,399.446989340696,399.89939462104917
2.0400000000000014,-0.458708834121,-0.869899671894,14.2218656116,6.05802394391,0.0897316276413,0.0,-0.730426471614,-1.80937110331,4.03012876841,-0.180683805547,0.133750007773,0.0,518.2295262482196,515.7056230642226,517.0915443166003,516.8459002985912
2.1000000000000014,-0.504414176329,-0.983109268601,14.4659803777,6.04691203747,0.0977145991246,0.0,-0.793851190261,-1.96526219625,4.10621826446,-0.196223990421,0.131612024432,0.0,453.6626238829655,453.5068065656101,454.9884212815148,453.7096748733753
2.1600000000000015,-0.554170725995,-1.10609381341,14.7153880422,6.0349591487,0.105079310738,0.0,-0.865455743444,-2.13529558989,4.20637135121,-0.205978414272,0.0918849276389,0.0,464.95950716245494,461.84845450912434,463.69115433978203,462.88693709033674
2.2200000000000015,-0.608583254121,-1.24002513756,14.9726503238,6.02228872481,0.11007984013,0.0,-0.948815910039,-2.3302537447,4.36769109672,-0.224357237897,0.0548285733347,0.0,485.72099929193746,482.9382966272047,484.793248852105,483.36977748014164
2.2800000000000016,-0.66769807281,-1.38499440882,15.2359663898,6.00921813873,0.113035061241,0.0,-1.02193886221,-2.50319873528,4.40867525768,-0.207269305137,0.0347482273029,0.0,450.60604465484414,448.9810279420129,448.4752723107912,449.81456134914123
2.3400000000000016,-0.731264005461,-1.54061132398,15.5017366814,5.99680914289,0.114878809498,0.0,-1.09707081084,-2.68509545482,4.44948448251,-0.205927746868,0.0211520875483,0.0,451.9889288555774,450.8919967160005,450.98925454189396,451.0562531680729
2.4000000000000017,-0.799229674614,-1.70703063037,15.7686864567,5.98460966513,0.116380050094,0.0,-1.16855130384,-2.86323790532,4.4481639677,-0.198577105307,0.0318103004818,0.0,438.7147410832646,439.59905211618394,438.9923717132169,439.56085102024304
2.4600000000000017,-0.871297991148,-1.88381156467,16.0337069587,5.97278610955,0.118088124698,0.0,-1.23387876985,-3.03042261899,4.38545109447,-0.194188920208,0.0207682608178,0.0,420.17756290067,419.2192983252678,419.50927579343215,419.8497277026127
2.520000000000002,-0.947708146925,-2.07183800546,16.29804295,5.9616131596,0.119516058346,0.0,-1.31320243115,-3.23807194241,4.42479622012,-0.17376669583,0.029258767313,0.0,455.0273317899222,455.7066737943524,454.2854331561955,455.8871106399502
2.580000000000002,-1.02881215084,-2.27228381907,16.5638820593,5.95077347189,0.121580706009,0.0,-1.39040161562,-3.44431906271,4.43566994649,-0.200283253739,0.0431133469711,0.0,447.8593154297134,448.98541769981455,448.568776303181,446.3777411719767
2.640000000000002,-1.11434033665,-2.48464364135,16.828344811,5.93896930389,0.124375126819,0.0,-1.46075448756,-3.635298024,4.37916825346,-0.190457380229,0.0527227712749,0.0,425.9192347138277,426.74181536931656,427.16486495020195,427.9625233628187
2.700000000000002,-1.20429074787,-2.70906884407,17.0904507062,5.92736499967,0.127101719963,0.0,-1.5378267419,-3.84646251542,4.35687641048,-0.200058096481,0.0240282312622,0.0,442.41832426305893,440.05009702615644,439.5794883178284,438.7459229251925
2.760000000000002,-1.29869474142,-2.94578590916,17.3495358203,5.91587527627,0.128644326675,0.0,-1.60909459546,-4.04504956553,4.278742426,-0.178328426657,0.0288774655364,0.0,422.5759903368044,422.9940374381556,421.52046157389407,423.3561745861626
2.820000000000002,-1.39775308055,-3.19558086644,17.6063478063,5.90481834345,0.131041849028,0.0,-1.69299155472,-4.28230175672,4.280626646,-0.200126861371,0.05599070931,0.0,450.44876479105545,452.63714681906754,452.6858168249681,450.8951089571264
2.880000000000002,-1.50188321375,-3.45978848952,17.8630540964,5.89292197562,0.13468987978,0.0,-1.77827501961,-4.52553814909,4.27511855824,-0.194806498644,0.0690048639124,0.0,450.43377071192214,451.48772891281175,452.1283644565101,452.51916819495415
2.940000000000002,-1.61124657207,-3.73893793958,18.1195965933,5.88145980446,0.13894478812,0.0,-1.8674870339,-4.78030955633,4.27506181838,-0.184407841478,0.0744835909902,0.0,455.7663940801392,456.20785234850524,455.8074105941884,456.6032452791118
3.000000000000002,-1.72625392854,-4.0341746273,18.3773592934,5.8704366174,0.143364221193,0.0,-1.96641850965,-5.06168980748,4.31548009711,-0.182380022857,0.0719520086114,0.0,473.03158479725664,472.8404216423348,471.65114244241613,471.77719865344324
3.0600000000000023,-1.84735394162,-4.34670554119,18.6378139553,5.85954701959,0.147270435549,0.0,-2.07053360872,-5.35673778651,4.36464891831,-0.179778866712,0.0456498100635,0.0,479.79812044814923,477.7993080100383,478.34855205455113,478.51733400624124
3.1200000000000023,-1.97367447373,-4.67411102849,18.8943141094,5.84872988516,0.150535926699,0.0,-2.14040828421,-5.55770912461,4.1850636326,-0.181317146614,0.0678588678562,0.0,400.84519286391816,402.86114767781646,401.3859319205711,401.2110159817233
3.1800000000000024,-2.10508190323,-5.01608385928,19.1449494904,5.83745790391,0.154523952353,0.0,-2.24010775399,-5.84214855438,4.16800528557,-0.206026373301,0.0635287306393,0.0,461.4406462362117,461.1017232125388,462.66765314139093,460.6841077675145
3.2400000000000024,-2.24236123113,-5.37483553738,19.3933278244,5.82478255299,0.158544387489,0.0,-2.33612605464,-6.11711894458,4.10992277971,-0.224552816649,0.0731841730141,0.0,451.2472421594848,452.0294342265587,450.69137151522784,449.14723197912724
3.3000000000000025,-2.38531337696,-5.74987113209,19.6371435024,5.81134608657,0.163302085343,0.0,-2.42925353973,-6.38500819639,4.01599377042,-0.222747152521,0.0893359853437,0.0,440.13904966776215,441.4791191468785,441.9024133365831,442.00122971383485
3.3600000000000025,-2.53348698365,-6.13997451629,19.8727363354,5.798413856,0.169032885109,0.0,-2.51025759523,-6.61943147057,3.83632909581,-0.204052598193,0.105643624323,0.0,411.52653843258435,412.97633049986274,411.91030345274794,413.5105084069265
3.4200000000000026,-2.68712301475,-6.54575321566,20.1000600782,5.78681732405,0.175311317638,0.0,-2.61137081345,-6.90732332555,3.73971842343,-0.177587282937,0.102556697723,0.0,446.2594466223532,446.0168381225866,444.25503897795295,446.3832625778481
3.4800000000000026,-2.84751988621,-6.97059314873,20.3243041409,5.77620986914,0.181585572352,0.0,-2.73558401784,-7.25454840739,3.73298858238,-0.175246162622,0.10831939894,0.0,480.4266106013632,480.8720696560046,480.4892762331377,480.63922171112335
3.5400000000000027,-3.01476876139,-7.41457844777,20.544500655,5.76625107184,0.187771194945,0.0,-2.83979537979,-7.54568369463,3.6055742721,-0.151980170807,0.0897918582006,0.0,443.21620719363784,441.69955289949104,442.20813039028496,444.09416664046717
3.6000000000000028,-3.18833785677,-7.8761469413,20.7567400204,5.75754324126,0.192818020639,0.0,-2.94617388657,-7.84062140421,3.46782255065,-0.134107531751,0.0692500453247,0.0,442.5183318018223,440.829339261049,441.9931129069804,443.44403023077103
3.660000000000003,-3.36805355061,-8.35478752071,20.9591544629,5.74950589404,0.197204906536,0.0,-3.0446419447,-8.11486056618,3.27842556403,-0.133654342831,0.0798958039749,0.0,425.7770685491766,426.6915244810359,424.96696742060567,424.9883905664666
3.720000000000003,-3.5534419273,-8.84928894262,21.1487446876,5.74190667631,0.202119372113,0.0,-3.13532639183,-8.36943683482,3.04060770095,-0.115432056518,0.0856529965593,0.0,407.9361596046445,408.4561722430293,408.4706897729745,410.07667228458325
3.780000000000003,-3.74550054452,-9.36214766224,21.328741271,5.73495840563,0.207309050927,0.0,-3.26689317385,-8.72628586779,2.95744832581,-0.11655930698,0.0881258766498,0.0,469.0904607436137,469.28824209845277,469.9369707800804,469.8383666849366
3.840000000000003,-3.94572115892,-9.89703560621,21.5042396621,5.72832705513,0.212354209009,0.0,-3.40736042634,-9.10366322953,2.89042497231,-0.100584934691,0.0744544885467,0.0,480.29287477948367,479.2597404781001,479.05842107839464,480.2619177524182
3.900000000000003,-4.15294572261,-10.4510630598,21.6695487521,5.72211616042,0.216550816366,0.0,-3.50047184322,-9.36494167023,2.61929262538,-0.110128540907,0.058914435888,0.0,407.4465023254716,406.05843900405335,407.3710686594838,406.5059958194339
3.960000000000003,-4.36590914601,-11.0211854176,21.8187947425,5.71588458054,0.220025452928,0.0,-3.59859167249,-9.64016404364,2.35482644877,-0.0936061331057,0.0558242609765,0.0,411.50782076437486,411.2366995724501,410.69366804540147,412.14654637882035
4.020000000000002,-4.58664856789,-11.6124258319,21.9589025271,5.71013147669,0.223749107446,0.0,-3.75940107843,-10.0680709129,2.3129365129,-0.100880199471,0.072274289865,0.0,496.27189334208504,497.4804694329597,497.9239176184737,497.38455045149465
4.080000000000001,-4.8148762049,-12.2242324345,22.0880146477,5.70457245696,0.228241612714,0.0,-3.84857057338,-10.3267397486,1.9902907255,-0.0798771634366,0.0796237226624,0.0,394.46855000179914,395.15205595195425,395.35496827840956,397.2775339360806
4.14,-5.04942147758,-12.8539007737,22.2008478819,5.69986033509,0.232883536017,0.0,-3.96989102045,-10.6630766752,1.7694635274,-0.0759799176132,0.0724190180425,0.0,439.4050761868132,438.81200549950233,439.19913773871934,439.5173599915843
4.199999999999998,-5.29144418814,-13.5042575934,22.3006502536,5.69513728484,0.238135848419,0.0,-4.09780840755,-11.0163384134,1.5557427081,-0.0848438090238,0.107504162101,0.0,444.179061428596,447.0539301692456,446.0881404573862,445.35852402673305
4.259999999999997,-5.54146848384,-14.1765833811,22.3882019107,5.68988237211,0.244710410499,0.0,-4.2366698106,-11.3952804478,1.3607157978,-0.0937088640691,0.113424240507,0.0,456.74488833408907,457.2271570121341,457.6273054447367,456.914705620063
4.319999999999996,-5.80067812135,-14.8735541756,22.4662433088,5.68434710202,0.252097339673,0.0,-4.40392553033,-11.8375117212,1.23790894231,-0.0894957296052,0.13760823597,0.0,488.320666344902,490.13381004972666,488.46733649721375,488.77519105987056
4.379999999999995,-6.06905003166,-15.5951121389,22.5333758826,5.67932068961,0.260150821411,0.0,-4.54223464072,-12.2153446106,0.997866749366,-0.0742681685161,0.126423287937,0.0,453.077503756846,452.1932079526548,450.688261771031,451.91207565572233
4.439999999999993,-6.34568647166,-16.3392821774,22.5853428261,5.67454719138,0.267878437292,0.0,-4.67939161025,-12.5913961895,0.732480884939,-0.0930796899998,0.133152175245,0.0,447.14298256576575,447.70603394560845,447.7655577716268,446.2267705035821
4.499999999999992,-6.63089371377,-17.1067735207,22.621759788,5.66884554084,0.275626062612,0.0,-4.82787515539,-12.9926522972,0.479115628503,-0.0992358791577,0.119543060442,0.0,457.07736667225646,456.005761903573,458.2229061370166,457.72566650396186
4.559999999999991,-6.92475884606,-17.8979026545,22.641585843,5.66265907385,0.282312003136,0.0,-4.96795569106,-13.3795618469,0.17960962755,-0.112257379466,0.0856678389279,0.0,446.5348668323001,443.7721466947439,445.7850410680198,444.7099728070551
4.6199999999999894,-7.22691993737,-18.712175535,22.6425382919,5.65612719476,0.287085858234,0.0,-5.10430349117,-13.7642958051,-0.149976088341,-0.10282599194,0.0631351362368,0.0,439.2690479826136,437.4007471900864,439.2156225820592,439.9868147077356
4.679999999999988,-7.53789988362,-19.5510173655,22.6249178354,5.64997033101,0.29066859289,0.0,-5.26173603741,-14.1983924978,-0.440003752556,-0.102194867737,0.0517987974478,0.0,461.30841448355994,460.41437641482736,460.72992179105285,460.7711088909139
4.739999999999987,-7.858084744,-20.4156886011,22.5886943659,5.64350246628,0.293827612066,0.0,-5.41114804335,-14.6255063494,-0.769990544336,-0.122390588108,0.0543005816159,0.0,452.2185707999246,452.4218790788466,452.5513145364397,450.9118266632915
4.799999999999986,-8.18759254653,-21.306987383,22.533059695,5.63666228339,0.29753932671,0.0,-5.57241385205,-15.0858810452,-1.08756365089,-0.101039974712,0.0738077051851,0.0,463.8056620375032,465.3382965452905,463.16785087542013,464.83338842975763
4.859999999999984,-8.52726136646,-22.227159717,22.4590051032,5.63116042057,0.301546187801,0.0,-5.74982457975,-15.587896124,-1.38438241465,-0.077602327329,0.0465404971927,0.0,480.76776355295766,478.69930710329237,480.55612258895405,482.3235091709191
4.919999999999983,-8.87632653302,-23.1753449357,22.3633040525,5.62652582962,0.304006846472,0.0,-5.88586342479,-16.0205276576,-1.8080952505,-0.0765348132938,0.0266626943806,0.0,438.71468934632,437.06121621598567,438.9648818885375,439.04868997971744
4.979999999999982,-9.23346317134,-24.1497148854,22.2413605522,5.62173672435,0.306193627968,0.0,-6.01887280259,-16.4609650589,-2.25921238642,-0.0873571809774,0.0510528248103,0.0,432.0013194894745,434.0545976222236,435.4057451815129,434.49363305339017
5.0399999999999805,-9.59820136131,-25.1502125325,22.0907760897,5.61674452274,0.309477405011,0.0,-6.13936817616,-16.8917713436,-2.76278942387,-0.0759794591077,0.0612192259349,0.0,418.46905568670786,419.3556931782385,418.2944110075906,419.27837738968714
